      1 -7488
      3 -3983
      2 -1140
    895 -999
      1 -991
     14 -990
      1 -836
      1 -835
      1 -831
      1 -828
      1 -822
      1 -821
      2 -819
      1 -818
      2 -817
      2 -816
      2 -815
      1 -813
      1 -812
      2 -811
      3 -809
      4 -808
      2 -807
      3 -806
      3 -805
      2 -803
      4 -802
      2 -801
      1 -800
      3 -799
      3 -798
      2 -797
      4 -796
      9 -794
      8 -793
      9 -792
      8 -791
      4 -790
      7 -789
      8 -788
     12 -787
      6 -786
      8 -785
     10 -784
      9 -783
     11 -782
     12 -781
     11 -780
     15 -779
     18 -778
     12 -777
      8 -776
     10 -775
     10 -774
     16 -773
     16 -772
     23 -771
      7 -770
     22 -769
     23 -768
     25 -767
     14 -766
     24 -765
     15 -764
     30 -763
     25 -762
     28 -761
     22 -760
     27 -759
     31 -758
     26 -757
     27 -756
     17 -755
     35 -754
     38 -753
     36 -752
     30 -751
     31 -750
     45 -749
     48 -748
     38 -747
     48 -746
     37 -745
     41 -744
     47 -743
     52 -742
     46 -741
     35 -740
     43 -739
     67 -738
     53 -737
     47 -736
     40 -735
     41 -734
    158 -733
     70 -732
     76 -731
     37 -730
     61 -729
    914 -728
     74 -727
     76 -726
     39 -725
     65 -724
     79 -723
     67 -722
     70 -721
     47 -720
     72 -719
     95 -718
     69 -717
     80 -716
     60 -715
     87 -714
     89 -713
    110 -712
     84 -711
     74 -710
     77 -709
    105 -708
     83 -707
     93 -706
     62 -705
     91 -704
    113 -703
    121 -702
    115 -701
     84 -700
    108 -699
    116 -698
     98 -697
    111 -696
     87 -695
    124 -694
    141 -693
    134 -692
    119 -691
     86 -690
    136 -689
    154 -688
    129 -687
    141 -686
     77 -685
    132 -684
    136 -683
    151 -682
    140 -681
     96 -680
    138 -679
    152 -678
    151 -677
    155 -676
     76 -675
    155 -674
    167 -673
    166 -672
    149 -671
    106 -670
    173 -669
    185 -668
    161 -667
    156 -666
    101 -665
    179 -664
    175 -663
    158 -662
    190 -661
    102 -660
    438 -659
    208 -658
    194 -657
    154 -656
    118 -655
    177 -654
    197 -653
    171 -652
    162 -651
    119 -650
    193 -649
    196 -648
    198 -647
    211 -646
    115 -645
    188 -644
    199 -643
    182 -642
    225 -641
    118 -640
    197 -639
    233 -638
    205 -637
    194 -636
    149 -635
    193 -634
    219 -633
    216 -632
    193 -631
    140 -630
    225 -629
    230 -628
    223 -627
    208 -626
    112 -625
    224 -624
    240 -623
    226 -622
    217 -621
    143 -620
    230 -619
    231 -618
    224 -617
    210 -616
    148 -615
    197 -614
    237 -613
    272 -612
    234 -611
    152 -610
    227 -609
    254 -608
    227 -607
    230 -606
    140 -605
    251 -604
    258 -603
    242 -602
    220 -601
    431 -600
    228 -599
    290 -598
    243 -597
    263 -596
    151 -595
    257 -594
    290 -593
    252 -592
    283 -591
    182 -590
    286 -589
    285 -588
    290 -587
    247 -586
    166 -585
    299 -584
    291 -583
    313 -582
    269 -581
    183 -580
    281 -579
    305 -578
    324 -577
    287 -576
    191 -575
    285 -574
    307 -573
    317 -572
    317 -571
    176 -570
    265 -569
    320 -568
    292 -567
    352 -566
    211 -565
    330 -564
    319 -563
    372 -562
    350 -561
    264 -560
    311 -559
    385 -558
    354 -557
    370 -556
    242 -555
    406 -554
    381 -553
    404 -552
    360 -551
    318 -550
    385 -549
    421 -548
    389 -547
    421 -546
    269 -545
    429 -544
    415 -543
    462 -542
    404 -541
    345 -540
    479 -539
    494 -538
    438 -537
    480 -536
    339 -535
    536 -534
    536 -533
    556 -532
    498 -531
    413 -530
    568 -529
    578 -528
    525 -527
    630 -526
    451 -525
    615 -524
    612 -523
    686 -522
    599 -521
    529 -520
    609 -519
    771 -518
    674 -517
    754 -516
    506 -515
    803 -514
   2763 -513
    903 -512
    835 -511
    732 -510
    767 -509
    951 -508
    755 -507
    901 -506
    631 -505
   1006 -504
    934 -503
   1014 -502
    937 -501
   2691 -500
    960 -499
   1151 -498
   1076 -497
   1120 -496
    784 -495
   1228 -494
   1078 -493
   1271 -492
   1069 -491
   1096 -490
   1113 -489
   1346 -488
   1168 -487
   1368 -486
   1011 -485
   1365 -484
   1371 -483
   1643 -482
   1441 -481
   1326 -480
   1435 -479
   1624 -478
   1403 -477
   1650 -476
   1255 -475
   1685 -474
   1491 -473
   1812 -472
   1541 -471
   1575 -470
   1700 -469
   1929 -468
   1703 -467
   1931 -466
   1475 -465
   2026 -464
   1843 -463
   2008 -462
   1909 -461
   1846 -460
   1961 -459
   2238 -458
   1945 -457
   2258 -456
   1658 -455
   2355 -454
   2223 -453
   2387 -452
   2156 -451
   2211 -450
   2230 -449
   2477 -448
   2230 -447
   2539 -446
   1930 -445
   2716 -444
   2485 -443
   2763 -442
   2397 -441
   2492 -440
   2606 -439
   3010 -438
   2448 -437
   2979 -436
   2289 -435
   2991 -434
   2839 -433
   3172 -432
   2773 -431
   2924 -430
   2867 -429
   3517 -428
   2898 -427
   3465 -426
   2634 -425
   3508 -424
   3254 -423
   3775 -422
   3238 -421
   3384 -420
   3386 -419
   4104 -418
   3388 -417
   3891 -416
   3107 -415
   4108 -414
   3797 -413
   4092 -412
   3873 -411
   3921 -410
   3676 -409
   4518 -408
   3889 -407
   4741 -406
   3327 -405
   4762 -404
   4442 -403
   4602 -402
   4288 -401
   4931 -400
   4313 -399
   5193 -398
   4600 -397
   5290 -396
   3821 -395
   5481 -394
   5007 -393
   5483 -392
   4810 -391
   5102 -390
   5188 -389
   5988 -388
   4918 -387
   6153 -386
   4741 -385
   5911 -384
   5716 -383
   6275 -382
   5651 -381
   5633 -380
   5719 -379
   7196 -378
   5634 -377
   6679 -376
   5339 -375
   7035 -374
   6306 -373
   7446 -372
   6386 -371
   6530 -370
   6757 -369
   8009 -368
   6928 -367
   7691 -366
   6052 -365
   8137 -364
   7310 -363
   8128 -362
   7683 -361
   7637 -360
   7340 -359
   8840 -358
   7798 -357
  13455 -356
   6491 -355
   9280 -354
   8653 -353
   9234 -352
   8245 -351
   9016 -350
   8446 -349
  10087 -348
   8709 -347
  10159 -346
   7364 -345
  10627 -344
   9631 -343
  10374 -342
   9222 -341
   9567 -340
  10128 -339
  11523 -338
   9726 -337
  11380 -336
   8744 -335
  11333 -334
  11431 -333
  11731 -332
  10653 -331
  10521 -330
  11016 -329
  13304 -328
  10938 -327
  12783 -326
   9912 -325
  13025 -324
  12230 -323
  13700 -322
  11948 -321
  11875 -320
  12381 -319
  14460 -318
  12574 -317
  13925 -316
  10965 -315
  14497 -314
  13962 -313
  14389 -312
  13748 -311
  13291 -310
  13347 -309
  16189 -308
  13667 -307
  16452 -306
  11458 -305
  16388 -304
  15255 -303
  16021 -302
  14550 -301
  15316 -300
  14890 -299
  17566 -298
  15344 -297
  17862 -296
  12736 -295
  18344 -294
  17080 -293
  17724 -292
  15953 -291
  16316 -290
  17228 -289
  19807 -288
  16529 -287
  19402 -286
  14340 -285
  18914 -284
  19162 -283
  19429 -282
  18101 -281
  17403 -280
  18483 -279
  22392 -278
  18302 -277
  20875 -276
  16049 -275
  21245 -274
  20193 -273
  22432 -272
  19878 -271
  19116 -270
  20218 -269
  23754 -268
  21114 -267
  22537 -266
  17389 -265
  23223 -264
  22974 -263
  22785 -262
  22622 -261
  21435 -260
  21616 -259
  25956 -258
  21986 -257
  25977 -256
  18317 -255
  25805 -254
  24632 -253
  25321 -252
  23255 -251
  24406 -250
  23708 -249
  27887 -248
  24379 -247
  27683 -246
  19521 -245
  29417 -244
  26913 -243
  27598 -242
  25320 -241
  25481 -240
  27283 -239
  30943 -238
  25669 -237
  30118 -236
  22584 -235
  29949 -234
  30251 -233
  30122 -232
  28311 -231
  26391 -230
  28474 -229
  34888 -228
  27813 -227
  32265 -226
  24716 -225
  32562 -224
  31281 -223
  33756 -222
  30223 -221
  28748 -220
  30756 -219
  35696 -218
  32276 -217
  33715 -216
  26898 -215
  35354 -214
  33953 -213
  33874 -212
  34479 -211
  32021 -210
  32598 -209
  38481 -208
  33396 -207
  39124 -206
  26592 -205
  38332 -204
  37244 -203
  36808 -202
  34081 -201
  36382 -200
  34305 -199
  40647 -198
  36094 -197
  40149 -196
  28942 -195
  42847 -194
  39536 -193
  40621 -192
  36197 -191
  36562 -190
  40389 -189
  43962 -188
  37254 -187
  43176 -186
  32694 -185
  43236 -184
  44767 -183
  42830 -182
  40586 -181
  38020 -180
  40991 -179
  60277 -178
  40338 -177
  45582 -176
  35365 -175
  45934 -174
  44778 -173
  48549 -172
  43590 -171
  40664 -170
  43641 -169
  51000 -168
  45949 -167
  47934 -166
  37175 -165
  49999 -164
  48572 -163
  47843 -162
  49008 -161
  44666 -160
  45310 -159
  54118 -158
  46697 -157
  55255 -156
  38721 -155
  53740 -154
  52315 -153
  51297 -152
  48355 -151
  52646 -150
  49162 -149
  57285 -148
  50468 -147
  57262 -146
  41439 -145
  60532 -144
  55759 -143
  56750 -142
  51651 -141
  52149 -140
  57214 -139
  61913 -138
  52338 -137
  61487 -136
  46740 -135
  60061 -134
  63350 -133
  60950 -132
  57463 -131
  54066 -130
  58179 -129
  71263 -128
  58929 -127
  63924 -126
  51028 -125
  65296 -124
  63932 -123
  71586 -122
  61654 -121
  58069 -120
  63704 -119
  72599 -118
  70386 -117
  69584 -116
  54247 -115
  71762 -114
  67257 -113
  71837 -112
  74194 -111
  65377 -110
  66993 -109
  80256 -108
  69031 -107
  84000 -106
  56830 -105
  78550 -104
  76986 -103
  76398 -102
  73639 -101
  78801 -100
  74172 -99
  85370 -98
  76355 -97
  84845 -96
  63047 -95
  91801 -94
  83775 -93
  85791 -92
  78648 -91
  78800 -90
  91970 -89
  95740 -88
  79773 -87
  92409 -86
  71497 -85
  91251 -84
 102111 -83
  92551 -82
  90891 -81
  84602 -80
  91300 -79
 112851 -78
  91028 -77
  99442 -76
  80198 -75
 100823 -74
  98674 -73
 116559 -72
  99722 -71
  93897 -70
 101472 -69
 111386 -68
 116553 -67
 109701 -66
  86562 -65
 114168 -64
 105008 -63
 120571 -62
 124090 -61
 102566 -60
 108136 -59
 124324 -58
 112681 -57
 137081 -56
  92439 -55
 124574 -54
 125428 -53
 122630 -52
 124292 -51
 126724 -50
 122488 -49
 130892 -48
 128934 -47
 137798 -46
 100152 -45
 153933 -44
 135174 -43
 146188 -42
 131256 -41
 122288 -40
 152349 -39
 152325 -38
 131560 -37
 153775 -36
 113099 -35
 148754 -34
 171220 -33
 159765 -32
 149997 -31
 130529 -30
 149603 -29
 187496 -28
 155106 -27
 162200 -26
 131992 -25
 164546 -24
 175556 -23
 193965 -22
 166930 -21
 145267 -20
 168590 -19
 187273 -18
 197450 -17
 184916 -16
 140383 -15
 193617 -14
 185584 -13
 199920 -12
 210687 -11
 169701 -10
 183539 -9
 214262 -8
 196743 -7
 236220 -6
 157259 -5
 222701 -4
 217558 -3
 214957 -2
 208193 -1
 327283 0
 214031 1
 221984 2
 239474 3
 237949 4
 178497 5
 274567 6
 230767 7
 249291 8
 217442 9
 199421 10
 258103 11
 246964 12
 220454 13
 240292 14
 181777 15
 234921 16
 256417 17
 244319 18
 224660 19
 184848 20
 222082 21
 269672 22
 225060 23
 231299 24
 177141 25
 227399 26
 215929 27
 275194 28
 219727 29
 176230 30
 224987 31
 231690 32
 260808 33
 233721 34
 167393 35
 236530 36
 206042 37
 245005 38
 255676 39
 188470 40
 213868 41
 232503 42
 237757 43
 272804 44
 160971 45
 235483 46
 232286 47
 228283 48
 224392 49
 228314 50
 223479 51
 226716 52
 244120 53
 243739 54
 162604 55
 277297 56
 233639 57
 246795 58
 219569 59
 193079 60
 268825 61
 254639 62
 225337 63
 247236 64
 171622 65
 242193 66
 274464 67
 254069 68
 238351 69
 186177 70
 237793 71
 299979 72
 243174 73
 242703 74
 184656 75
 243962 76
 237701 77
 305598 78
 241945 79
 190128 80
 250786 81
 259662 82
 294191 83
 255472 84
 177996 85
 262209 86
 231867 87
 276162 88
 291288 89
 208418 90
 243590 91
 264963 92
 264282 93
 308153 94
 176188 95
 271090 96
 261824 97
 265770 98
 256114 99
 260232 100
 260085 101
 259715 102
 276234 103
 276366 104
 180891 105
 321910 106
 267062 107
 285166 108
 259936 109
 218114 110
 310747 111
 289437 112
 259282 113
 287695 114
 191843 115
 280795 116
 316251 117
 295288 118
 282834 119
 210178 120
 273910 121
 335440 122
 281867 123
 282437 124
 207018 125
 282925 126
 273976 127
 354303 128
 279605 129
 212636 130
 280724 131
 296079 132
 335522 133
 290677 134
 200999 135
 295530 136
 266511 137
 318871 138
 328590 139
 228025 140
 267862 141
 296425 142
 298578 143
 342809 144
 195527 145
 297236 146
 295674 147
 297076 148
 280044 149
 273929 150
 280113 151
 283603 152
 302149 153
 297210 154
 193785 155
 345415 156
 288076 157
 306593 158
 267006 159
 223896 160
 323552 161
 301586 162
 273816 163
 294016 164
 196373 165
 289352 166
 322108 167
 300516 168
 277185 169
 204999 170
 271912 171
 334449 172
 279989 173
 274783 174
 199670 175
 274988 176
 264584 177
 338881 178
 265734 179
 196100 180
 265099 181
 283938 182
 314718 183
 269991 184
 183633 185
 274160 186
 242481 187
 289220 188
 300261 189
 199717 190
 241821 191
 264282 192
 271412 193
 311528 194
 167138 195
 262629 196
 250703 197
 264505 198
 244054 199
 234581 200
 241202 201
 250974 202
 254762 203
 255471 204
 158037 205
 296518 206
 248699 207
 257399 208
 226040 209
 179667 210
 278315 211
 242982 212
 241897 213
 244592 214
 154667 215
 237506 216
 273274 217
 257524 218
 228768 219
 159487 220
 224333 221
 278815 222
 240444 223
 226090 224
 153128 225
 224070 226
 227719 227
 281807 228
 218662 229
 152436 230
 217144 231
 235613 232
 269723 233
 224198 234
 141454 235
 227557 236
 205409 237
 248684 238
 256524 239
 161519 240
 207005 241
 229050 242
 241831 243
 272090 244
 138142 245
 235610 246
 228032 247
 252003 248
 225942 249
 210020 250
 229312 251
 255878 252
 254920 253
 258639 254
 151657 255
 302100 256
 268226 257
 287501 258
 251299 259
 191358 260
 303685 261
 313742 262
 273401 263
 295468 264
 178668 265
 296750 266
 328209 267
 336466 268
 290428 269
 199738 270
 290422 271
 344876 272
 321963 273
 300049 274
 185551 275
 297772 276
 299091 277
 340604 278
 272905 279
 182803 280
 264334 281
 284934 282
 297599 283
 252560 284
 148828 285
 242120 286
 214603 287
 249805 288
 223695 289
 138607 290
 181510 291
 188989 292
 189808 293
 185429 294
  92308 295
 154369 296
 141372 297
 147911 298
 119215 299
  97331 300
 108461 301
 114072 302
 105471 303
  98312 304
  54101 305
  99179 306
  85503 307
  85388 308
  68773 309
  50405 310
  72417 311
  68109 312
  64480 313
  59986 314
  35313 315
  54323 316
  56479 317
  56451 318
  45949 319
  30869 320
  42866 321
  47786 322
  43834 323
  39601 324
  24577 325
  37260 326
  36498 327
  40024 328
  31965 329
  21587 330
  30223 331
  32827 332
  32835 333
  28141 334
  17128 335
  27574 336
  24013 337
  29547 338
  24324 339
  16783 340
  21474 341
  22741 342
  24197 343
  22419 344
  11847 345
  20574 346
  19322 347
  20509 348
  16993 349
  12551 350
  15448 351
  16656 352
  16207 353
  15286 354
   8104 355
  14838 356
  13862 357
  14190 358
  11629 359
   8137 360
  11618 361
  11397 362
  11200 363
  10391 364
   6041 365
   9391 366
   9283 367
   9950 368
   8228 369
   5064 370
   7557 371
   7740 372
   7619 373
   6832 374
   3953 375
   6048 376
   5946 377
   6338 378
   5166 379
   3228 380
   4787 381
   4721 382
   4610 383
   3904 384
   2331 385
   3739 386
   3222 387
   3719 388
   3062 389
   1922 390
   2601 391
   2597 392
   2659 393
   2254 394
   1174 395
   1964 396
   1758 397
   1872 398
   1489 399
    911 400
   1321 401
   1275 402
   1213 403
   1023 404
    536 405
    920 406
    796 407
    813 408
    653 409
    392 410
    561 411
    542 412
    433 413
    426 414
    253 415
    321 416
    343 417
    333 418
    233 419
    140 420
    248 421
    239 422
    239 423
    157 424
    103 425
    142 426
    124 427
    142 428
    120 429
     68 430
    104 431
     98 432
     80 433
     38 434
     16 435
     45 436
     47 437
     38 438
     49 439
     23 440
     32 441
     39 442
     39 443
     44 444
     19 445
     43 446
     43 447
     48 448
     36 449
     29 450
     38 451
     40 452
     33 453
     41 454
     13 455
     40 456
     45 457
     29 458
     37 459
     23 460
     49 461
     38 462
     39 463
     40 464
     30 465
     34 466
     41 467
     49 468
     37 469
     10 470
     44 471
     45 472
     43 473
     29 474
     22 475
     35 476
     35 477
     41 478
     37 479
     17 480
     33 481
     37 482
     38 483
     40 484
     21 485
     42 486
     43 487
     37 488
     39 489
     28 490
     46 491
     53 492
     32 493
     42 494
     19 495
     40 496
     45 497
     50 498
     33 499
    148 500
     37 501
     34 502
     37 503
     26 504
     14 505
     46 506
     24 507
     32 508
     34 509
     15 510
     36 511
     46 512
     28 513
     43 514
     26 515
     30 516
     32 517
     34 518
     44 519
     14 520
     39 521
     37 522
     27 523
     27 524
     30 525
     33 526
     33 527
     44 528
     38 529
     13 530
     30 531
     37 532
     32 533
     30 534
     17 535
     35 536
     24 537
     20 538
     27 539
     20 540
     20 541
     26 542
     27 543
     32 544
      7 545
     15 546
     22 547
     21 548
     40 549
     24 550
     27 551
     26 552
     35 553
     30 554
     21 555
     37 556
     24 557
     31 558
     33 559
     17 560
     40 561
     25 562
     28 563
     25 564
     19 565
     24 566
     25 567
     30 568
     28 569
      9 570
     25 571
     50 572
     32 573
     24 574
     15 575
     32 576
     21 577
     45 578
     34 579
     11 580
     31 581
     26 582
     38 583
     25 584
      9 585
     36 586
     25 587
     19 588
     50 589
     11 590
     28 591
     30 592
     30 593
     48 594
     13 595
     22 596
     20 597
     44 598
     32 599
   2182 600
     18 601
      7 602
     17 603
     11 604
      6 605
     14 606
     16 607
     14 608
      8 609
      7 610
     21 611
     15 612
     20 613
     17 614
     12 615
     17 616
     17 617
      8 618
     10 619
      4 620
     15 621
     13 622
      7 623
      9 624
      5 625
     12 626
      9 627
     13 628
      7 629
      2 630
     12 631
     15 632
     14 633
     16 634
      7 635
     13 636
     16 637
     16 638
     18 639
      7 640
     20 641
     12 642
     19 643
     20 644
      8 645
     17 646
     18 647
      8 648
      5 649
     15 650
     17 651
      9 652
     14 653
     10 654
      3 655
     29 656
      6 657
      8 658
      3 659
      3 660
      8 661
      9 662
     11 663
      7 664
      1 665
      6 666
      7 667
      3 668
     11 669
      6 670
     12 671
      6 672
      7 673
      9 674
      8 675
     10 676
      2 677
     10 678
      5 679
      5 680
      8 681
      6 682
      5 683
      3 684
      1 685
      5 686
      7 687
      6 688
     12 689
      4 690
     12 691
      3 692
      6 693
      6 694
      5 695
     13 696
      5 697
     12 698
     13 699
     40 700
      8 701
      7 702
      7 703
      8 704
      5 705
     12 706
     10 707
     11 708
     13 709
      3 710
     10 711
     10 712
      7 713
      9 714
      9 715
     12 716
      7 717
      8 718
      4 719
      2 720
      7 721
      5 722
      6 723
      5 724
     10 725
      2 726
      6 727
      6 728
      4 729
      1 730
      6 731
      7 732
      5 733
      5 734
      4 735
      4 736
      6 737
      8 738
      9 739
      2 740
     11 741
      3 742
      3 743
      3 744
      2 745
      8 746
      8 747
      5 748
      9 749
      5 750
      3 751
      4 752
      4 753
     11 754
      4 755
      5 756
      6 757
      6 758
      9 759
      1 760
      6 761
      8 762
      5 763
      7 764
      3 765
      6 766
      7 767
      7 768
      8 769
      5 770
      5 771
     18 772
      4 773
      3 774
      4 775
      8 776
      1 777
      6 778
      6 779
      4 780
      2 781
      7 782
      4 783
      2 784
      3 785
      5 786
      5 787
      5 788
      5 789
      3 790
      3 791
     10 792
      9 793
     21 794
      1 795
      6 796
      1 797
      4 798
      4 799
      3 800
      5 801
      5 802
     10 803
      3 804
      3 805
      6 806
      4 807
      4 808
      2 809
      4 810
      4 811
      2 812
      4 813
      7 814
      3 815
      4 816
      8 817
      3 818
      5 819
      2 820
      4 821
      6 822
      3 823
      3 824
      5 825
      3 826
      5 827
      3 828
      2 829
      1 831
      3 832
     16 833
      2 834
      1 836
      1 837
      3 838
      3 839
      1 840
      1 841
      2 842
      3 843
      8 844
      2 845
      6 846
      5 847
      6 848
      4 849
      2 850
     10 851
      9 852
      7 853
      6 854
      1 855
      4 856
      4 857
      6 858
      6 859
      2 860
      7 861
      3 862
      3 863
      4 864
      3 865
      4 866
      5 867
      2 868
      3 869
      5 870
      8 871
      7 872
      5 873
      3 874
      4 876
      6 877
      6 878
      8 879
      1 880
      3 881
      5 882
      8 883
      3 884
      3 885
      6 886
      9 887
     11 888
      3 889
      2 890
      2 891
      5 892
      1 893
      3 894
      1 895
      2 896
      7 897
      1 898
      2 899
      1 900
      1 901
      1 902
      1 903
      1 904
      1 906
      1 907
      4 908
      3 909
      3 910
      2 912
      2 913
      3 914
      3 915
      2 916
      1 917
      2 918
      1 919
      2 920
      1 921
      6 922
      1 923
      3 924
      1 925
      2 926
      4 927
      1 928
      3 929
      3 931
      5 932
      2 933
      2 936
      3 938
      1 939
      1 941
      1 942
      2 943
      3 944
      1 945
      2 948
      2 949
      1 950
      2 951
      1 952
      1 953
      1 954
      2 956
      1 957
      8 958
      3 960
      3 961
      2 962
      2 964
      1 966
      1 967
      2 968
      1 969
      1 971
      1 972
      1 973
      2 974
      1 975
      1 976
      3 982
      2 983
      1 984
      3 986
      1 987
      1 990
      3 994
      1 996
      1 997
      1 998
      1 1000
      3 1001
      1 1002
      3 1003
      1 1004
      1 1009
      1 1011
      2 1012
      1 1013
      1 1014
      2 1015
      1 1017
      1 1018
      1 1019
      1 1023
      4 1028
      1 1029
      1 1031
      1 1032
      1 1034
      2 1037
      1 1039
      1 1040
      2 1043
      1 1044
      1 1045
      2 1047
      2 1048
      1 1050
      2 1054
      1 1056
      2 1058
      1 1059
      1 1060
      1 1061
      2 1063
      1 1064
      2 1066
      1 1068
      2 1069
      1 1070
     28 1071
      1 1073
      2 1076
      1 1077
      1 1078
      1 1080
      2 1081
      1 1082
      2 1084
      1 1086
      1 1092
      2 1094
      1 1097
      1 1104
      2 1106
      1 1107
      3 1108
      3 1109
      4 1116
      1 1118
      2 1124
      1 1125
      2 1128
      2 1129
      1 1130
      1 1131
      1 1133
      1 1137
      1 1138
      2 1139
      1 1141
      2 1142
      1 1143
      1 1146
      1 1148
      2 1149
      1 1150
      1 1151
      1 1152
      1 1153
      1 1154
      2 1157
      2 1158
      1 1165
      2 1168
      2 1169
      1 1170
      1 1171
      1 1178
      3 1179
      2 1181
      1 1184
      1 1185
      2 1198
      1 1199
      2 1202
      1 1203
      1 1210
      1 1212
      1 1215
      1 1216
      1 1220
      1 1231
      1 1232
      1 1234
      1 1235
      1 1236
      1 1239
      3 1241
      1 1242
      1 1245
     79 1248
      1 1251
      2 1252
      1 1253
      1 1260
      1 1262
      1 1265
      2 1268
     14 1269
      1 1274
      1 1275
      1 1278
      1 1279
      1 1282
     29 1285
      1 1286
      1 1287
      1 1303
      1 1305
      1 1308
      1 1311
      1 1313
      1 1317
      1 1318
      2 1325
      2 1331
      3 1334
      1 1337
      2 1338
      1 1341
      1 1344
      1 1347
      1 1349
      1 1351
      1 1352
      1 1353
      1 1356
      1 1363
      1 1364
      1 1371
      1 1378
      1 1381
      1 1394
      1 1397
      1 1398
      1 1406
      1 1416
      1 1427
      2 1428
      1 1441
      2 1443
      1 1453
      1 1456
      1 1461
      1 1464
      1 1466
      1 1468
      2 1469
      1 1474
      1 1478
      1 1481
      1 1488
      1 1492
      1 1500
      1 1503
      1 1507
      1 1508
      1 1511
      1 1515
      1 1516
      1 1518
      2 1521
      1 1523
      1 1524
      1 1525
      1 1528
      1 1534
      1 1539
      1 1542
      1 1543
      1 1547
      1 1549
      1 1558
      1 1568
      1 1571
      1 1573
      1 1583
      2 1588
      2 1590
      1 1593
      1 1594
      1 1596
      1 1599
      1 1600
      1 1601
      1 1602
      1 1604
      1 1607
      1 1608
      1 1609
      2 1611
      1 1612
      1 1617
      1 1637
      1 1640
      1 1643
      1 1646
      1 1654
      1 1656
      1 1661
      1 1663
      1 1664
      1 1674
      1 1678
      1 1686
      1 1689
      1 1690
      1 1699
      1 1707
      1 1718
      2 1728
      1 1729
      1 1743
      1 1751
      2 1755
      1 1761
      1 1766
      1 1767
      2 1771
      1 1778
      1 1788
      1 1795
      1 1796
      1 1801
      2 1802
      1 1804
      1 1805
      1 1812
      1 1815
      2 1818
      1 1820
      1 1824
      1 1827
      2 1828
      1 1829
      1 1837
      1 1842
      1 1844
      1 1852
      2 1854
      1 1855
      1 1863
      1 1864
      2 1867
      1 1868
      1 1878
      1 1879
      1 1880
      1 1881
      1 1882
      1 1883
      1 1886
      1 1887
      1 1894
      1 1895
      3 1900
      1 1901
      1 1904
      1 1911
      1 1913
      1 1916
      1 1919
      1 1921
      1 1923
      1 1935
      1 1936
      1 1939
      1 1946
      1 1956
      2 1957
      1 1961
      1 1964
      1 1968
      1 1974
      1 1981
      1 1988
      1 1991
      1 1996
      1 2001
      8 2002
      1 2004
      1 2014
      1 2015
      3 2019
      1 2023
      1 2026
      1 2031
      1 2032
      2 2038
      1 2041
      1 2044
      1 2046
      1 2051
      1 2057
      1 2067
      1 2071
      1 2074
      1 2079
      1 2083
      2 2091
      5 2094
      1 2096
    218 2100
      1 2104
      1 2108
      1 2111
      1 2121
      1 2122
      1 2125
      1 2126
      1 2128
      1 2131
      1 2138
      3 2141
      2 2143
      1 2145
      1 2149
      1 2152
      2 2154
      2 2156
      3 2157
      1 2158
      4 2159
      3 2160
      6 2161
     17 2162
     28 2163
     62 2164
     43 2165
     60 2166
     54 2167
     20 2168
     11 2169
      4 2170
      3 2171
      3 2173
      1 2175
      1 2176
      2 2177
      1 2178
      2 2179
      3 2181
      6 2182
     14 2183
     12 2184
      8 2185
     20 2186
     21 2187
     38 2188
     35 2189
     20 2190
     22 2191
     26 2192
     33 2193
     41 2194
     19 2195
     56 2196
     59 2197
     54 2198
     26 2199
     22 2200
     17 2201
      7 2202
     10 2203
      2 2204
      2 2205
      8 2206
      8 2207
      9 2208
      4 2209
      2 2210
     11 2211
      9 2212
     16 2213
     22 2214
      6 2215
     16 2216
     27 2217
     30 2218
     23 2219
      6 2220
     15 2221
     23 2222
     17 2223
     12 2224
      9 2225
     21 2226
     13 2227
     15 2228
     10 2229
      1 2230
     13 2231
      4 2232
      5 2233
      3 2234
      2 2235
      5 2236
      5 2237
      8 2238
      2 2239
      4 2240
      6 2241
      2 2242
      2 2244
      1 2246
      1 2248
      1 2250
      2 2252
      1 2253
      1 2263
      2 2272
      1 2274
      1 2275
      1 2276
      1 2277
      2 2278
      1 2279
      1 2280
      1 2281
      1 2282
      1 2285
      1 2286
      1 2294
      1 2300
      1 2310
      1 2320
      1 2330
      1 2347
      1 2348
      1 2358
      1 2365
      1 2398
      1 2406
      1 2411
      1 2417
      1 2422
      1 2426
      1 2441
      1 2450
      1 2451
      1 2469
      1 2472
      1 2508
      1 2514
      1 2526
      1 2562
      1 2578
      1 2587
      1 2626
      1 2631
      1 2639
     20 2664
      1 2705
     17 2808
     19 2809
      4 2811
      1 2826
      1 2832
      1 2834
      1 2843
      1 2869
      1 2947
      1 2978
      1 2999
      1 3001
      1 3021
      1 3027
      1 3036
      1 3049
      1 3083
      1 3131
      1 3133
      1 3136
      1 3160
      1 3172
      1 3173
      1 3179
      1 3283
      1 3285
      1 3287
      1 3420
      1 3441
      1 3711
      1 4189
      1 4250
      2 4267
      1 4282
      1 4306
      1 4364
      1 4682
     13 4689
      1 4723
      2 4822
      1 6650
      1 7020
      1 7982
      1 8080
      2 9185
      1 10422
      1 19996
      1 20521
     11 23030
      6 23036
    115 27137
      1 29451
      1 29462
      1 29468
      1 29476
      1 29481
      1 29487
      2 29488
      1 29494
      1 29495
      1 29496
      1 29497
      1 29498
      1 29507
      1 29510
      1 29511
      1 29520
      2 29525
      1 29533
      1 29537
      2 29540
      2 29542
      1 29543
      1 29555
      1 29559
      1 29561
      1 29567
      1 29573
      2 29575
      1 29576
      2 29579
      1 29583
      1 29585
      1 29587
      1 29588
      1 29590
      1 29592
      1 29599
      1 29600
      1 29601
      1 29604
      1 29609
      1 29613
      1 29618
      1 29625
      1 29633
      1 29636
      1 29637
      1 29641
      1 29643
      1 29644
      1 29647
      1 29649
      1 29650
      1 29661
      1 29665
      1 29667
      1 29670
      1 29671
      2 29684
      1 29692
      1 29702
      1 29704
      1 29727
      1 29806
      1 29816
      2 29832
      1 29834
      1 29836
      1 29837
      1 29845
      1 29848
      1 29850
      1 29851
      2 29857
      1 29863
      1 29867
      1 29878
      1 29882
      1 29885
      1 29902
      2 29903
      1 29909
      1 29911
      1 29918
      1 29940
      1 29943
      1 29952
      1 29968
      1 29978
      1 29986
      1 30001
      1 30004
      1 30006
      1 30027
      1 30035
      1 30043
      1 30061
      1 30076
      1 30077
      1 30078
      1 30084
      1 30091
      1 30092
      1 30096
      1 30097
      1 30107
      1 30118
      1 30144
      1 30145
      1 30147
      1 30162
      1 30163
      1 30187
      1 30190
      1 30191
      1 30196
      1 30197
      1 30198
      1 30199
      1 30207
      1 30222
      1 30250
      1 30273
      1 30293
      1 30298
      1 30340
      1 30352
      1 30357
      1 30358
      1 30364
      1 30369
      1 30371
      1 30374
      2 30382
      1 30386
      1 30388
      1 30389
      1 30394
      1 30396
      1 30405
      1 30406
      2 30410
      2 30413
      1 30414
      1 30416
      1 30418
      1 30422
      1 30427
      1 30429
      1 30432
      2 30433
      1 30435
      3 30436
      3 30441
      2 30445
      1 30448
      1 30449
      2 30450
      2 30452
      1 30453
      2 30455
      2 30457
      5 30458
      2 30459
     22 30460
      7 32766
